[gd_scene load_steps=11 format=2]

[ext_resource path="res://scenes/TreeScene.tscn" type="PackedScene" id=5]
[ext_resource path="res://scenes/LampScene.tscn" type="PackedScene" id=6]
[ext_resource path="res://scenes/FenceScene.tscn" type="PackedScene" id=7]
[ext_resource path="res://scenes/BuildingScene.tscn" type="PackedScene" id=8]
[ext_resource path="res://scenes/WeaponScene.tscn" type="PackedScene" id=9]
[ext_resource path="res://tiles/mesh_library_ground.tres" type="MeshLibrary" id=12]
[ext_resource path="res://assets/visual/fence/spr_fence_doors.png" type="Texture" id=14]
[ext_resource path="res://assets/visual/game_env/skybox_cube_panorama.png" type="Texture" id=19]

[sub_resource type="PanoramaSky" id=4]
panorama = ExtResource( 19 )

[sub_resource type="Environment" id=3]
background_mode = 2
background_sky = SubResource( 4 )
ambient_light_color = Color( 1, 1, 1, 1 )
ambient_light_energy = 0.6
ambient_light_sky_contribution = 0.0
fog_enabled = true
fog_depth_begin = 5.0
dof_blur_far_distance = 150.0
glow_enabled = true

[node name="GameSceneOne" type="Spatial"]

[node name="Camera" type="Camera" parent="."]
transform = Transform( 0.757109, 0, -0.653288, 0, 1, 0, 0.653288, 0, 0.757109, -136.343, 3.42754, -53.7424 )

[node name="Trees" type="Node" parent="."]

[node name="Tree" parent="Trees" instance=ExtResource( 5 )]
transform = Transform( 1, 0, 0, 0, 1, 0, 0, 0, 1, -393, -0.56431, 131 )

[node name="Tree2" parent="Trees" instance=ExtResource( 5 )]
transform = Transform( 1, 0, 0, 0, 1, 0, 0, 0, 1, -378, -0.56431, 131 )

[node name="Tree3" parent="Trees" instance=ExtResource( 5 )]
transform = Transform( 1, 0, 0, 0, 1, 0, 0, 0, 1, -385, -0.56431, 143 )

[node name="Tree4" parent="Trees" instance=ExtResource( 5 )]
transform = Transform( 1, 0, 0, 0, 1, 0, 0, 0, 1, -393, -0.56431, 154 )

[node name="Tree5" parent="Trees" instance=ExtResource( 5 )]
transform = Transform( 1, 0, 0, 0, 1, 0, 0, 0, 1, -378, -0.56431, 154 )

[node name="Tree6" parent="Trees" instance=ExtResource( 5 )]
transform = Transform( 1, 0, 0, 0, 1, 0, 0, 0, 1, -385, -0.56431, 160 )

[node name="Tree7" parent="Trees" instance=ExtResource( 5 )]
transform = Transform( 1, 0, 0, 0, 1, 0, 0, 0, 1, -393, -0.56431, 171 )

[node name="Tree8" parent="Trees" instance=ExtResource( 5 )]
transform = Transform( 1, 0, 0, 0, 1, 0, 0, 0, 1, -378, -0.56431, 171 )

[node name="Tree9" parent="Trees" instance=ExtResource( 5 )]
transform = Transform( 1, 0, 0, 0, 1, 0, 0, 0, 1, -393, -0.56431, 197.904 )

[node name="Tree10" parent="Trees" instance=ExtResource( 5 )]
transform = Transform( 1, 0, 0, 0, 1, 0, 0, 0, 1, -378, -0.56431, 197.904 )

[node name="Tree11" parent="Trees" instance=ExtResource( 5 )]
transform = Transform( 1, 0, 0, 0, 1, 0, 0, 0, 1, -385, -0.56431, 209.904 )

[node name="Tree12" parent="Trees" instance=ExtResource( 5 )]
transform = Transform( 1, 0, 0, 0, 1, 0, 0, 0, 1, -393, -0.56431, 220.904 )

[node name="Tree13" parent="Trees" instance=ExtResource( 5 )]
transform = Transform( 1, 0, 0, 0, 1, 0, 0, 0, 1, -378, -0.56431, 220.904 )

[node name="Tree14" parent="Trees" instance=ExtResource( 5 )]
transform = Transform( 1, 0, 0, 0, 1, 0, 0, 0, 1, -385, -0.56431, 226.904 )

[node name="Tree15" parent="Trees" instance=ExtResource( 5 )]
transform = Transform( 1, 0, 0, 0, 1, 0, 0, 0, 1, -393, -0.56431, 237.904 )

[node name="Tree16" parent="Trees" instance=ExtResource( 5 )]
transform = Transform( 1, 0, 0, 0, 1, 0, 0, 0, 1, -378, -0.56431, 237.904 )

[node name="Tree17" parent="Trees" instance=ExtResource( 5 )]
transform = Transform( 0.964364, 0, 0.26458, 0, 1, 0, -0.26458, 0, 0.964364, -398.024, -0.56431, 250.258 )

[node name="Tree18" parent="Trees" instance=ExtResource( 5 )]
transform = Transform( 0.964364, 0, 0.26458, 0, 1, 0, -0.26458, 0, 0.964364, -383.559, -0.56431, 246.29 )

[node name="Tree19" parent="Trees" instance=ExtResource( 5 )]
transform = Transform( 0.964364, 0, 0.26458, 0, 1, 0, -0.26458, 0, 0.964364, -387.134, -0.56431, 259.714 )

[node name="Tree20" parent="Trees" instance=ExtResource( 5 )]
transform = Transform( 0.964364, 0, 0.26458, 0, 1, 0, -0.26458, 0, 0.964364, -391.939, -0.56431, 272.439 )

[node name="Tree21" parent="Trees" instance=ExtResource( 5 )]
transform = Transform( 0.964364, 0, 0.26458, 0, 1, 0, -0.26458, 0, 0.964364, -377.474, -0.56431, 268.47 )

[node name="Tree22" parent="Trees" instance=ExtResource( 5 )]
transform = Transform( 0.964364, 0, 0.26458, 0, 1, 0, -0.26458, 0, 0.964364, -382.637, -0.56431, 276.108 )

[node name="Tree23" parent="Trees" instance=ExtResource( 5 )]
transform = Transform( 0.964364, 0, 0.26458, 0, 1, 0, -0.26458, 0, 0.964364, -387.441, -0.56431, 288.833 )

[node name="Tree24" parent="Trees" instance=ExtResource( 5 )]
transform = Transform( 0.964364, 0, 0.26458, 0, 1, 0, -0.26458, 0, 0.964364, -372.976, -0.56431, 284.864 )

[node name="Tree25" parent="Trees" instance=ExtResource( 5 )]
transform = Transform( -1, 0, -8.74228e-08, 0, 1, 0, 8.74228e-08, 0, -1, -335.966, -0.56431, 280.833 )

[node name="Tree26" parent="Trees" instance=ExtResource( 5 )]
transform = Transform( -1, 0, -8.74228e-08, 0, 1, 0, 8.74228e-08, 0, -1, -327.966, -0.56431, 269.833 )

[node name="Tree27" parent="Trees" instance=ExtResource( 5 )]
transform = Transform( -1, 0, -8.74228e-08, 0, 1, 0, 8.74228e-08, 0, -1, -342.966, -0.56431, 269.833 )

[node name="Tree28" parent="Trees" instance=ExtResource( 5 )]
transform = Transform( -1, 0, -8.74228e-08, 0, 1, 0, 8.74228e-08, 0, -1, -335.966, -0.56431, 263.833 )

[node name="Tree29" parent="Trees" instance=ExtResource( 5 )]
transform = Transform( -1, 0, -8.74228e-08, 0, 1, 0, 8.74228e-08, 0, -1, -327.966, -0.56431, 252.833 )

[node name="Tree30" parent="Trees" instance=ExtResource( 5 )]
transform = Transform( -1, 0, -8.74228e-08, 0, 1, 0, 8.74228e-08, 0, -1, -342.966, -0.56431, 252.833 )

[node name="Tree31" parent="Trees" instance=ExtResource( 5 )]
transform = Transform( -0.964364, 0, -0.26458, 0, 1, 0, 0.26458, 0, -0.964364, -322.941, -0.56431, 240.422 )

[node name="Tree32" parent="Trees" instance=ExtResource( 5 )]
transform = Transform( -0.964364, 0, -0.26458, 0, 1, 0, 0.26458, 0, -0.964364, -337.407, -0.56431, 244.447 )

[node name="Tree33" parent="Trees" instance=ExtResource( 5 )]
transform = Transform( -0.964364, 0, -0.26458, 0, 1, 0, 0.26458, 0, -0.964364, -333.831, -0.56431, 230.967 )

[node name="Tree34" parent="Trees" instance=ExtResource( 5 )]
transform = Transform( -0.964364, 0, -0.26458, 0, 1, 0, 0.26458, 0, -0.964364, -329.027, -0.56431, 218.298 )

[node name="Tree35" parent="Trees" instance=ExtResource( 5 )]
transform = Transform( -0.964364, 0, -0.26458, 0, 1, 0, 0.26458, 0, -0.964364, -343.492, -0.56431, 222.266 )

[node name="Tree36" parent="Trees" instance=ExtResource( 5 )]
transform = Transform( -0.964364, 0, -0.26458, 0, 1, 0, 0.26458, 0, -0.964364, -338.329, -0.56431, 214.628 )

[node name="Tree37" parent="Trees" instance=ExtResource( 5 )]
transform = Transform( -0.964364, 0, -0.26458, 0, 1, 0, 0.26458, 0, -0.964364, -333.525, -0.56431, 201.848 )

[node name="Tree38" parent="Trees" instance=ExtResource( 5 )]
transform = Transform( -0.964364, 0, -0.26458, 0, 1, 0, 0.26458, 0, -0.964364, -347.99, -0.56431, 205.817 )

[node name="Tree39" parent="Trees" instance=ExtResource( 5 )]
transform = Transform( -0.999255, 0, 0.038597, -0.000238469, 0.999981, -0.00617382, -0.0385963, -0.00617843, -0.999236, -341.424, -0.382623, 139.925 )

[node name="Tree40" parent="Trees" instance=ExtResource( 5 )]
transform = Transform( -0.999255, 0, 0.038597, -0.000238469, 0.999981, -0.00617382, -0.0385963, -0.00617843, -0.999236, -333.006, -0.448627, 129.242 )

[node name="Tree41" parent="Trees" instance=ExtResource( 5 )]
transform = Transform( -0.999255, 0, 0.038597, 0, 1, 0, -0.038597, 0, -0.999255, -347.994, -0.56431, 128.663 )

[node name="Tree42" parent="Trees" instance=ExtResource( 5 )]
transform = Transform( -0.999255, 0, 0.038597, 0, 1, 0, -0.038597, 0, -0.999255, -340.768, -0.56431, 122.938 )

[node name="Tree43" parent="Trees" instance=ExtResource( 5 )]
transform = Transform( -0.999255, 0, 0.038597, 0, 1, 0, -0.038597, 0, -0.999255, -332.349, -0.56431, 112.255 )

[node name="Tree44" parent="Trees" instance=ExtResource( 5 )]
transform = Transform( -0.999255, 0, 0.038597, 0, 1, 0, -0.038597, 0, -0.999255, -347.338, -0.56431, 111.676 )

[node name="Tree45" parent="Trees" instance=ExtResource( 5 )]
transform = Transform( -0.973857, 0, -0.227161, 0.0014035, 0.999981, -0.0060169, 0.227157, -0.00617843, -0.973839, -326.85, -0.629003, 100.048 )

[node name="Tree46" parent="Trees" instance=ExtResource( 5 )]
transform = Transform( -0.973857, 0, -0.227161, 0.0014035, 0.999981, -0.0060169, 0.227157, -0.00617843, -0.973839, -337.367, -0.689978, 90.1791 )

[node name="Tree47" parent="Trees" instance=ExtResource( 5 )]
transform = Transform( -0.973857, 0, -0.227161, 0, 1, 0, 0.227161, 0, -0.973857, -332.077, -0.56431, 77.7045 )

[node name="Tree48" parent="Trees" instance=ExtResource( 5 )]
transform = Transform( -0.973857, 0, -0.227161, 0.0014035, 0.999981, -0.0060169, 0.227157, -0.00617843, -0.973839, -346.685, -0.745996, 81.1125 )

[node name="Tree49" parent="Trees" instance=ExtResource( 5 )]
transform = Transform( -0.973857, 0, -0.227161, 0, 1, 0, 0.227161, 0, -0.973857, -341.23, -0.56431, 73.6787 )

[node name="Tree50" parent="Trees" instance=ExtResource( 5 )]
transform = Transform( -0.973857, 0, -0.227161, 0, 1, 0, 0.227161, 0, -0.973857, -335.936, -0.56431, 61.0934 )

[node name="Tree51" parent="Trees" instance=ExtResource( 5 )]
transform = Transform( -0.973857, 0, -0.227161, 0, 1, 0, 0.227161, 0, -0.973857, -350.544, -0.56431, 64.5008 )

[node name="Tree52" parent="Trees" instance=ExtResource( 5 )]
transform = Transform( -0.679288, 0, 0.733872, 0, 1, 0, -0.733872, 0, -0.679288, -344.651, -0.56431, 43.2977 )

[node name="Tree53" parent="Trees" instance=ExtResource( 5 )]
transform = Transform( -0.679288, 0, 0.733872, 0, 1, 0, -0.733872, 0, -0.679288, -331.144, -0.56431, 41.6965 )

[node name="Tree54" parent="Trees" instance=ExtResource( 5 )]
transform = Transform( -0.679288, 0, 0.733872, 0, 1, 0, -0.733872, 0, -0.679288, -341.334, -0.56431, 30.6885 )

[node name="Tree55" parent="Trees" instance=ExtResource( 5 )]
transform = Transform( -0.679288, 0, 0.733872, 0, 1, 0, -0.733872, 0, -0.679288, -332.175, -0.56431, 31.7498 )

[node name="Tree56" parent="Trees" instance=ExtResource( 5 )]
transform = Transform( -0.679288, 0, 0.733872, 0, 1, 0, -0.733872, 0, -0.679288, -318.668, -0.56431, 30.1487 )

[node name="Tree57" parent="Trees" instance=ExtResource( 5 )]
transform = Transform( -0.679288, 0, 0.733872, 0, 1, 0, -0.733872, 0, -0.679288, -328.858, -0.56431, 19.1406 )

[node name="Tree58" parent="Trees" instance=ExtResource( 5 )]
transform = Transform( -0.849248, 0, 0.527994, 0, 1, 0, -0.527994, 0, -0.849248, -306.148, -0.56431, 25.4057 )

[node name="Tree59" parent="Trees" instance=ExtResource( 5 )]
transform = Transform( -0.849248, 0, 0.527994, 0, 1, 0, -0.527994, 0, -0.849248, -306.606, -0.56431, 10.9908 )

[node name="Tree60" parent="Trees" instance=ExtResource( 5 )]
transform = Transform( -0.849248, 0, 0.527994, 0, 1, 0, -0.527994, 0, -0.849248, -294.045, -0.56431, 5.91078 )

[node name="Tree61" parent="Trees" instance=ExtResource( 5 )]
transform = Transform( -0.849248, 0, 0.527994, 0, 1, 0, -0.527994, 0, -0.849248, -306.784, -0.56431, -2.00912 )

[node name="Tree62" parent="Trees" instance=ExtResource( 5 )]
transform = Transform( -0.849248, 0, 0.527994, 0, 1, 0, -0.527994, 0, -0.849248, -297.671, -0.56431, -3.40866 )

[node name="Tree63" parent="Trees" instance=ExtResource( 5 )]
transform = Transform( -0.849248, 0, 0.527994, 0, 1, 0, -0.527994, 0, -0.849248, -285.028, -0.56431, -8.56419 )

[node name="Tree64" parent="Trees" instance=ExtResource( 5 )]
transform = Transform( -0.849248, 0, 0.527994, 0, 1, 0, -0.527994, 0, -0.849248, -297.767, -0.56431, -16.4841 )

[node name="Tree65" parent="Trees" instance=ExtResource( 5 )]
transform = Transform( -0.679288, 0, 0.733872, 0, 1, 0, -0.733872, 0, -0.679288, -254.308, -0.56431, 43.2977 )

[node name="Tree66" parent="Trees" instance=ExtResource( 5 )]
transform = Transform( -0.679288, 0, 0.733872, 0, 1, 0, -0.733872, 0, -0.679288, -240.801, -0.56431, 41.6965 )

[node name="Tree67" parent="Trees" instance=ExtResource( 5 )]
transform = Transform( -0.679288, 0, 0.733872, 0, 1, 0, -0.733872, 0, -0.679288, -250.99, -0.56431, 30.6885 )

[node name="Tree68" parent="Trees" instance=ExtResource( 5 )]
transform = Transform( -0.679288, 0, 0.733872, 0, 1, 0, -0.733872, 0, -0.679288, -241.832, -0.56431, 31.7498 )

[node name="Tree69" parent="Trees" instance=ExtResource( 5 )]
transform = Transform( -0.679288, 0, 0.733872, 0, 1, 0, -0.733872, 0, -0.679288, -228.325, -0.56431, 30.1487 )

[node name="Tree70" parent="Trees" instance=ExtResource( 5 )]
transform = Transform( -0.679288, 0, 0.733872, 0, 1, 0, -0.733872, 0, -0.679288, -238.514, -0.56431, 19.1406 )

[node name="Tree71" parent="Trees" instance=ExtResource( 5 )]
transform = Transform( -0.849248, 0, 0.527994, 0, 1, 0, -0.527994, 0, -0.849248, -215.804, -0.56431, 25.4057 )

[node name="Tree72" parent="Trees" instance=ExtResource( 5 )]
transform = Transform( -0.849248, 0, 0.527994, 0, 1, 0, -0.527994, 0, -0.849248, -216.262, -0.56431, 10.9908 )

[node name="Tree73" parent="Trees" instance=ExtResource( 5 )]
transform = Transform( -0.849248, 0, 0.527994, 0, 1, 0, -0.527994, 0, -0.849248, -203.701, -0.56431, 5.91078 )

[node name="Tree74" parent="Trees" instance=ExtResource( 5 )]
transform = Transform( -0.849248, 0, 0.527994, 0, 1, 0, -0.527994, 0, -0.849248, -216.44, -0.56431, -2.00912 )

[node name="Tree75" parent="Trees" instance=ExtResource( 5 )]
transform = Transform( -0.849248, 0, 0.527994, 0, 1, 0, -0.527994, 0, -0.849248, -207.327, -0.56431, -3.40866 )

[node name="Tree76" parent="Trees" instance=ExtResource( 5 )]
transform = Transform( -0.849248, 0, 0.527994, 0, 1, 0, -0.527994, 0, -0.849248, -194.685, -0.56431, -8.56419 )

[node name="Tree77" parent="Trees" instance=ExtResource( 5 )]
transform = Transform( -0.849248, 0, 0.527994, 0, 1, 0, -0.527994, 0, -0.849248, -207.423, -0.56431, -16.4841 )

[node name="Tree78" parent="Trees" instance=ExtResource( 5 )]
transform = Transform( 0.679288, 0, -0.733872, 0, 1, 0, 0.733872, 0, 0.679288, -113.842, -0.56431, 8.09213 )

[node name="Tree79" parent="Trees" instance=ExtResource( 5 )]
transform = Transform( 0.679288, 0, -0.733872, 0, 1, 0, 0.733872, 0, 0.679288, -127.349, -0.56431, 9.69329 )

[node name="Tree80" parent="Trees" instance=ExtResource( 5 )]
transform = Transform( 0.679288, 0, -0.733872, 0, 1, 0, 0.733872, 0, 0.679288, -117.159, -0.56431, 20.7014 )

[node name="Tree81" parent="Trees" instance=ExtResource( 5 )]
transform = Transform( 0.679288, 0, -0.733872, 0, 1, 0, 0.733872, 0, 0.679288, -126.318, -0.56431, 19.64 )

[node name="Tree82" parent="Trees" instance=ExtResource( 5 )]
transform = Transform( 0.679288, 0, -0.733872, 0, 1, 0, 0.733872, 0, 0.679288, -139.824, -0.56431, 21.2412 )

[node name="Tree83" parent="Trees" instance=ExtResource( 5 )]
transform = Transform( 0.679288, 0, -0.733872, 0, 1, 0, 0.733872, 0, 0.679288, -129.635, -0.56431, 32.2493 )

[node name="Tree84" parent="Trees" instance=ExtResource( 5 )]
transform = Transform( 0.849248, 0, -0.527994, 0, 1, 0, 0.527994, 0, 0.849248, -152.345, -0.56431, 25.9841 )

[node name="Tree85" parent="Trees" instance=ExtResource( 5 )]
transform = Transform( 0.849248, 0, -0.527994, 0, 1, 0, 0.527994, 0, 0.849248, -151.887, -0.56431, 40.399 )

[node name="Tree86" parent="Trees" instance=ExtResource( 5 )]
transform = Transform( 0.849248, 0, -0.527994, 0, 1, 0, 0.527994, 0, 0.849248, -164.448, -0.56431, 45.4791 )

[node name="Tree87" parent="Trees" instance=ExtResource( 5 )]
transform = Transform( 0.849248, 0, -0.527994, 0, 1, 0, 0.527994, 0, 0.849248, -151.709, -0.56431, 53.399 )

[node name="Tree88" parent="Trees" instance=ExtResource( 5 )]
transform = Transform( 0.849248, 0, -0.527994, 0, 1, 0, 0.527994, 0, 0.849248, -160.822, -0.56431, 54.7985 )

[node name="Tree89" parent="Trees" instance=ExtResource( 5 )]
transform = Transform( 0.849248, 0, -0.527994, 0, 1, 0, 0.527994, 0, 0.849248, -173.465, -0.56431, 59.954 )

[node name="Tree90" parent="Trees" instance=ExtResource( 5 )]
transform = Transform( 0.849248, 0, -0.527994, 0, 1, 0, 0.527994, 0, 0.849248, -160.726, -0.56431, 67.8739 )

[node name="Tree91" parent="Trees" instance=ExtResource( 5 )]
transform = Transform( 0.999255, 0, -0.0385969, 0, 1, 0, 0.0385969, 0, 0.999255, -62.1449, -0.56431, 57.9285 )

[node name="Tree92" parent="Trees" instance=ExtResource( 5 )]
transform = Transform( 0.999255, 0, -0.0385969, 0, 1, 0, 0.0385969, 0, 0.999255, -70.5635, -0.56431, 68.6115 )

[node name="Tree93" parent="Trees" instance=ExtResource( 5 )]
transform = Transform( 0.999255, 0, -0.0385969, 0, 1, 0, 0.0385969, 0, 0.999255, -55.5746, -0.56431, 69.1904 )

[node name="Tree94" parent="Trees" instance=ExtResource( 5 )]
transform = Transform( 0.999255, 0, -0.0385969, 0, 1, 0, 0.0385969, 0, 0.999255, -62.801, -0.56431, 74.9158 )

[node name="Tree95" parent="Trees" instance=ExtResource( 5 )]
transform = Transform( 0.999255, 0, -0.0385969, 0, 1, 0, 0.0385969, 0, 0.999255, -71.2196, -0.56431, 85.5988 )

[node name="Tree96" parent="Trees" instance=ExtResource( 5 )]
transform = Transform( 0.999255, 0, -0.0385969, 0, 1, 0, 0.0385969, 0, 0.999255, -56.2308, -0.56431, 86.1778 )

[node name="Tree97" parent="Trees" instance=ExtResource( 5 )]
transform = Transform( 0.973857, 0, 0.227161, 0, 1, 0, -0.227161, 0, 0.973857, -76.7192, -0.56431, 97.8059 )

[node name="Tree98" parent="Trees" instance=ExtResource( 5 )]
transform = Transform( 0.973857, 0, 0.227161, 0, 1, 0, -0.227161, 0, 0.973857, -66.2024, -0.56431, 107.675 )

[node name="Tree99" parent="Trees" instance=ExtResource( 5 )]
transform = Transform( 0.973857, 0, 0.227161, 0, 1, 0, -0.227161, 0, 0.973857, -71.4924, -0.56431, 120.149 )

[node name="Tree100" parent="Trees" instance=ExtResource( 5 )]
transform = Transform( 0.973857, 0, 0.227161, 0, 1, 0, -0.227161, 0, 0.973857, -56.8845, -0.56431, 116.742 )

[node name="Tree101" parent="Trees" instance=ExtResource( 5 )]
transform = Transform( 0.973857, 0, 0.227161, 0, 1, 0, -0.227161, 0, 0.973857, -62.3385, -0.56431, 124.175 )

[node name="Tree102" parent="Trees" instance=ExtResource( 5 )]
transform = Transform( 0.973857, 0, 0.227161, 0, 1, 0, -0.227161, 0, 0.973857, -67.6328, -0.56431, 136.76 )

[node name="Tree103" parent="Trees" instance=ExtResource( 5 )]
transform = Transform( 0.973857, 0, 0.227161, 0, 1, 0, -0.227161, 0, 0.973857, -53.0249, -0.56431, 133.353 )

[node name="Tree104" parent="Trees" instance=ExtResource( 5 )]
transform = Transform( 0.955216, 0, -0.295908, 0, 1, 0, 0.295908, 0, 0.955216, -73.5954, -0.56431, 44.2904 )

[node name="Tree105" parent="Trees" instance=ExtResource( 5 )]
transform = Transform( 0.955216, 0, -0.295908, 0, 1, 0, 0.295908, 0, 0.955216, -96.4921, -0.56431, 75.4305 )

[node name="Tree106" parent="Trees" instance=ExtResource( 5 )]
transform = Transform( 0.955216, 0, -0.295908, 0, 1, 0, 0.295908, 0, 0.955216, -82.1639, -0.56431, 79.8691 )

[node name="Tree107" parent="Trees" instance=ExtResource( 5 )]
transform = Transform( 0.955216, 0, -0.295908, 0, 1, 0, 0.295908, 0, 0.955216, -90.6259, -0.56431, 83.5291 )

[node name="Tree108" parent="Trees" instance=ExtResource( 5 )]
transform = Transform( 0.955216, 0, -0.295908, 0, 1, 0, 0.295908, 0, 0.955216, -101.523, -0.56431, 91.6692 )

[node name="Tree109" parent="Trees" instance=ExtResource( 5 )]
transform = Transform( 0.955216, 0, -0.295908, 0, 1, 0, 0.295908, 0, 0.955216, -87.1943, -0.56431, 96.1078 )

[node name="Tree110" parent="Trees" instance=ExtResource( 5 )]
transform = Transform( 0.999467, 0, -0.0326316, 0, 1, 0, 0.0326316, 0, 0.999467, -109.994, -0.56431, 102.037 )

[node name="Tree111" parent="Trees" instance=ExtResource( 5 )]
transform = Transform( 0.999467, 0, -0.0326316, 0, 1, 0, 0.0326316, 0, 0.999467, -102.39, -0.56431, 114.292 )

[node name="Tree112" parent="Trees" instance=ExtResource( 5 )]
transform = Transform( 0.999467, 0, -0.0326316, 0, 1, 0, 0.0326316, 0, 0.999467, -110.728, -0.56431, 124.972 )

[node name="Tree113" parent="Trees" instance=ExtResource( 5 )]
transform = Transform( 0.999467, 0, -0.0326316, 0, 1, 0, 0.0326316, 0, 0.999467, -95.7363, -0.56431, 125.461 )

[node name="Tree114" parent="Trees" instance=ExtResource( 5 )]
transform = Transform( 0.999467, 0, -0.0326316, 0, 1, 0, 0.0326316, 0, 0.999467, -102.928, -0.56431, 131.229 )

[node name="Tree115" parent="Trees" instance=ExtResource( 5 )]
transform = Transform( 0.999467, 0, -0.0326316, 0, 1, 0, 0.0326316, 0, 0.999467, -111.299, -0.56431, 142.016 )

[node name="Tree116" parent="Trees" instance=ExtResource( 5 )]
transform = Transform( 0.999467, 0, -0.0326316, 0, 1, 0, 0.0326316, 0, 0.999467, -96.3075, -0.56431, 142.505 )

[node name="Tree117" parent="Trees" instance=ExtResource( 5 )]
transform = Transform( -0.849248, 0, 0.527994, 0, 1, 0, -0.527994, 0, -0.849248, -203.262, -0.56431, -56.0092 )

[node name="Tree118" parent="Trees" instance=ExtResource( 5 )]
transform = Transform( -0.849248, 0, 0.527994, 0, 1, 0, -0.527994, 0, -0.849248, -190.701, -0.56431, -61.0892 )

[node name="Tree119" parent="Trees" instance=ExtResource( 5 )]
transform = Transform( -0.849248, 0, 0.527994, 0, 1, 0, -0.527994, 0, -0.849248, -203.44, -0.56431, -69.0091 )

[node name="Tree120" parent="Trees" instance=ExtResource( 5 )]
transform = Transform( -0.849248, 0, 0.527994, 0, 1, 0, -0.527994, 0, -0.849248, -181.685, -0.56431, -75.5642 )

[node name="Tree121" parent="Trees" instance=ExtResource( 5 )]
transform = Transform( -0.849248, 0, 0.527994, 0, 1, 0, -0.527994, 0, -0.849248, -194.423, -0.56431, -83.4841 )

[node name="Tree122" parent="Trees" instance=ExtResource( 5 )]
transform = Transform( 0.729804, 0, 0.683656, 0, 1, 0, -0.683656, 0, 0.729804, -159.062, -0.56431, -83.6377 )

[node name="Tree123" parent="Trees" instance=ExtResource( 5 )]
transform = Transform( 0.729804, 0, 0.683656, 0, 1, 0, -0.683656, 0, 0.729804, -157.406, -0.56431, -70.1897 )

[node name="Tree124" parent="Trees" instance=ExtResource( 5 )]
transform = Transform( 0.729804, 0, 0.683656, 0, 1, 0, -0.683656, 0, 0.729804, -146.459, -0.56431, -80.4446 )

[node name="Tree125" parent="Trees" instance=ExtResource( 5 )]
transform = Transform( 0.729804, 0, 0.683656, 0, 1, 0, -0.683656, 0, 0.729804, -145.758, -0.56431, -57.7339 )

[node name="Tree126" parent="Trees" instance=ExtResource( 5 )]
transform = Transform( 0.729804, 0, 0.683656, 0, 1, 0, -0.683656, 0, 0.729804, -134.811, -0.56431, -67.9887 )

[node name="Tree127" parent="Trees" instance=ExtResource( 5 )]
transform = Transform( 0.729804, 0, 0.683656, 0, 1, 0, -0.683656, 0, 0.729804, -252.062, -0.56431, -83.6377 )

[node name="Tree128" parent="Trees" instance=ExtResource( 5 )]
transform = Transform( 0.729804, 0, 0.683656, 0, 1, 0, -0.683656, 0, 0.729804, -250.406, -0.56431, -70.1897 )

[node name="Tree129" parent="Trees" instance=ExtResource( 5 )]
transform = Transform( 0.729804, 0, 0.683656, 0, 1, 0, -0.683656, 0, 0.729804, -239.459, -0.56431, -80.4446 )

[node name="Tree130" parent="Trees" instance=ExtResource( 5 )]
transform = Transform( 0.729804, 0, 0.683656, 0, 1, 0, -0.683656, 0, 0.729804, -238.758, -0.56431, -57.7339 )

[node name="Tree131" parent="Trees" instance=ExtResource( 5 )]
transform = Transform( 0.729804, 0, 0.683656, 0, 1, 0, -0.683656, 0, 0.729804, -227.811, -0.56431, -67.9887 )

[node name="Tree132" parent="Trees" instance=ExtResource( 5 )]
transform = Transform( 0.683656, 0, -0.729804, 0, 1, 0, 0.729804, 0, 0.683656, -260.985, -0.56431, -76.8113 )

[node name="Tree133" parent="Trees" instance=ExtResource( 5 )]
transform = Transform( 0.683656, 0, -0.729804, 0, 1, 0, 0.729804, 0, 0.683656, -274.433, -0.56431, -75.1554 )

[node name="Tree134" parent="Trees" instance=ExtResource( 5 )]
transform = Transform( 0.683656, 0, -0.729804, 0, 1, 0, 0.729804, 0, 0.683656, -264.178, -0.56431, -64.2083 )

[node name="Tree135" parent="Trees" instance=ExtResource( 5 )]
transform = Transform( 0.683656, 0, -0.729804, 0, 1, 0, 0.729804, 0, 0.683656, -286.889, -0.56431, -63.5073 )

[node name="Tree136" parent="Trees" instance=ExtResource( 5 )]
transform = Transform( 0.683656, 0, -0.729804, 0, 1, 0, 0.729804, 0, 0.683656, -276.634, -0.56431, -52.5603 )

[node name="Tree137" parent="Trees" instance=ExtResource( 5 )]
transform = Transform( -0.999255, 0, 0.0385969, 0, 1, 0, -0.0385969, 0, -0.999255, -256.106, -0.56431, 319.304 )

[node name="Tree138" parent="Trees" instance=ExtResource( 5 )]
transform = Transform( -0.999255, 0, 0.0385969, 0, 1, 0, -0.0385969, 0, -0.999255, -247.687, -0.56431, 308.621 )

[node name="Tree139" parent="Trees" instance=ExtResource( 5 )]
transform = Transform( -0.999255, 0, 0.0385969, 0, 1, 0, -0.0385969, 0, -0.999255, -262.676, -0.56431, 308.042 )

[node name="Tree140" parent="Trees" instance=ExtResource( 5 )]
transform = Transform( -0.999255, 0, 0.0385969, 0, 1, 0, -0.0385969, 0, -0.999255, -255.449, -0.56431, 302.317 )

[node name="Tree141" parent="Trees" instance=ExtResource( 5 )]
transform = Transform( -0.999255, 0, 0.0385969, 0, 1, 0, -0.0385969, 0, -0.999255, -247.031, -0.56431, 291.634 )

[node name="Tree142" parent="Trees" instance=ExtResource( 5 )]
transform = Transform( -0.999255, 0, 0.0385969, 0, 1, 0, -0.0385969, 0, -0.999255, -262.02, -0.56431, 291.055 )

[node name="Tree143" parent="Trees" instance=ExtResource( 5 )]
transform = Transform( -0.973857, 0, -0.227161, 0, 1, 0, 0.227161, 0, -0.973857, -241.531, -0.56431, 279.427 )

[node name="Tree144" parent="Trees" instance=ExtResource( 5 )]
transform = Transform( -0.973857, 0, -0.227161, 0, 1, 0, 0.227161, 0, -0.973857, -252.048, -0.56431, 269.558 )

[node name="Tree145" parent="Trees" instance=ExtResource( 5 )]
transform = Transform( -0.973857, 0, -0.227161, 0, 1, 0, 0.227161, 0, -0.973857, -246.758, -0.56431, 257.084 )

[node name="Tree146" parent="Trees" instance=ExtResource( 5 )]
transform = Transform( -0.973857, 0, -0.227161, 0, 1, 0, 0.227161, 0, -0.973857, -261.366, -0.56431, 260.491 )

[node name="Tree147" parent="Trees" instance=ExtResource( 5 )]
transform = Transform( -0.973857, 0, -0.227161, 0, 1, 0, 0.227161, 0, -0.973857, -255.912, -0.56431, 253.058 )

[node name="Tree148" parent="Trees" instance=ExtResource( 5 )]
transform = Transform( -0.973857, 0, -0.227161, 0, 1, 0, 0.227161, 0, -0.973857, -250.618, -0.56431, 240.472 )

[node name="Tree149" parent="Trees" instance=ExtResource( 5 )]
transform = Transform( -0.973857, 0, -0.227161, 0, 1, 0, 0.227161, 0, -0.973857, -265.226, -0.56431, 243.88 )

[node name="Tree150" parent="Trees" instance=ExtResource( 5 )]
transform = Transform( 0.999255, 0, -0.0385969, 0, 1, 0, 0.0385969, 0, 0.999255, -181.675, -0.56431, 195.086 )

[node name="Tree151" parent="Trees" instance=ExtResource( 5 )]
transform = Transform( 0.999255, 0, -0.0385969, 0, 1, 0, 0.0385969, 0, 0.999255, -190.094, -0.56431, 205.769 )

[node name="Tree152" parent="Trees" instance=ExtResource( 5 )]
transform = Transform( 0.999255, 0, -0.0385969, 0, 1, 0, 0.0385969, 0, 0.999255, -175.105, -0.56431, 206.348 )

[node name="Tree153" parent="Trees" instance=ExtResource( 5 )]
transform = Transform( 0.999255, 0, -0.0385969, 0, 1, 0, 0.0385969, 0, 0.999255, -182.332, -0.56431, 212.073 )

[node name="Tree154" parent="Trees" instance=ExtResource( 5 )]
transform = Transform( 0.999255, 0, -0.0385969, 0, 1, 0, 0.0385969, 0, 0.999255, -190.75, -0.56431, 222.756 )

[node name="Tree155" parent="Trees" instance=ExtResource( 5 )]
transform = Transform( 0.999255, 0, -0.0385969, 0, 1, 0, 0.0385969, 0, 0.999255, -175.761, -0.56431, 223.335 )

[node name="Tree156" parent="Trees" instance=ExtResource( 5 )]
transform = Transform( 0.973857, 0, 0.227161, 0, 1, 0, -0.227161, 0, 0.973857, -196.25, -0.56431, 234.963 )

[node name="Tree157" parent="Trees" instance=ExtResource( 5 )]
transform = Transform( 0.973857, 0, 0.227161, 0, 1, 0, -0.227161, 0, 0.973857, -185.733, -0.56431, 244.832 )

[node name="Tree158" parent="Trees" instance=ExtResource( 5 )]
transform = Transform( 0.973857, 0, 0.227161, 0, 1, 0, -0.227161, 0, 0.973857, -191.023, -0.56431, 257.306 )

[node name="Tree159" parent="Trees" instance=ExtResource( 5 )]
transform = Transform( 0.973857, 0, 0.227161, 0, 1, 0, -0.227161, 0, 0.973857, -176.415, -0.56431, 253.899 )

[node name="Tree160" parent="Trees" instance=ExtResource( 5 )]
transform = Transform( 0.973857, 0, 0.227161, 0, 1, 0, -0.227161, 0, 0.973857, -181.869, -0.56431, 261.332 )

[node name="Tree161" parent="Trees" instance=ExtResource( 5 )]
transform = Transform( 0.973857, 0, 0.227161, 0, 1, 0, -0.227161, 0, 0.973857, -187.163, -0.56431, 273.917 )

[node name="Tree162" parent="Trees" instance=ExtResource( 5 )]
transform = Transform( 0.973857, 0, 0.227161, 0, 1, 0, -0.227161, 0, 0.973857, -172.556, -0.56431, 270.51 )

[node name="Tree163" parent="Trees" instance=ExtResource( 5 )]
transform = Transform( 0.733872, 0, 0.679288, 0, 1, 0, -0.679288, 0, 0.733872, -109.881, -0.56431, 193.77 )

[node name="Tree164" parent="Trees" instance=ExtResource( 5 )]
transform = Transform( 0.733872, 0, 0.679288, 0, 1, 0, -0.679288, 0, 0.733872, -108.279, -0.56431, 207.277 )

[node name="Tree165" parent="Trees" instance=ExtResource( 5 )]
transform = Transform( 0.733872, 0, 0.679288, 0, 1, 0, -0.679288, 0, 0.733872, -97.2713, -0.56431, 197.088 )

[node name="Tree166" parent="Trees" instance=ExtResource( 5 )]
transform = Transform( 0.733872, 0, 0.679288, 0, 1, 0, -0.679288, 0, 0.733872, -98.3327, -0.56431, 206.246 )

[node name="Tree167" parent="Trees" instance=ExtResource( 5 )]
transform = Transform( 0.733872, 0, 0.679288, 0, 1, 0, -0.679288, 0, 0.733872, -96.7315, -0.56431, 219.753 )

[node name="Tree168" parent="Trees" instance=ExtResource( 5 )]
transform = Transform( 0.733872, 0, 0.679288, 0, 1, 0, -0.679288, 0, 0.733872, -85.7234, -0.56431, 209.564 )

[node name="Tree169" parent="Trees" instance=ExtResource( 5 )]
transform = Transform( 0.527994, 0, 0.849248, 0, 1, 0, -0.849248, 0, 0.527994, -91.9886, -0.56431, 232.273 )

[node name="Tree170" parent="Trees" instance=ExtResource( 5 )]
transform = Transform( 0.527994, 0, 0.849248, 0, 1, 0, -0.849248, 0, 0.527994, -77.5737, -0.56431, 231.815 )

[node name="Tree171" parent="Trees" instance=ExtResource( 5 )]
transform = Transform( 0.527994, 0, 0.849248, 0, 1, 0, -0.849248, 0, 0.527994, -72.4936, -0.56431, 244.376 )

[node name="Tree172" parent="Trees" instance=ExtResource( 5 )]
transform = Transform( 0.527994, 0, 0.849248, 0, 1, 0, -0.849248, 0, 0.527994, -64.5737, -0.56431, 231.638 )

[node name="Tree173" parent="Trees" instance=ExtResource( 5 )]
transform = Transform( 0.527994, 0, 0.849248, 0, 1, 0, -0.849248, 0, 0.527994, -63.1742, -0.56431, 240.75 )

[node name="Tree174" parent="Trees" instance=ExtResource( 5 )]
transform = Transform( 0.527994, 0, 0.849248, 0, 1, 0, -0.849248, 0, 0.527994, -58.0187, -0.56431, 253.393 )

[node name="Tree175" parent="Trees" instance=ExtResource( 5 )]
transform = Transform( 0.527994, 0, 0.849248, 0, 1, 0, -0.849248, 0, 0.527994, -50.0988, -0.56431, 240.654 )

[node name="Tree176" parent="Trees" instance=ExtResource( 5 )]
transform = Transform( 0.884678, 0, 0.466202, 0, 1, 0, -0.466202, 0, 0.884678, -127.621, -0.56431, 192.223 )

[node name="Tree177" parent="Trees" instance=ExtResource( 5 )]
transform = Transform( 0.884678, 0, 0.466202, 0, 1, 0, -0.466202, 0, 0.884678, -183.792, -0.56431, 230.433 )

[node name="Tree178" parent="Trees" instance=ExtResource( 5 )]
transform = Transform( 0.884678, 0, 0.466202, 0, 1, 0, -0.466202, 0, 0.884678, -108.522, -0.56431, 223.44 )

[node name="Tree179" parent="Trees" instance=ExtResource( 5 )]
transform = Transform( 0.884678, 0, 0.466202, 0, 1, 0, -0.466202, 0, 0.884678, -111.917, -0.56431, 232.012 )

[node name="Tree180" parent="Trees" instance=ExtResource( 5 )]
transform = Transform( 0.884678, 0, 0.466202, 0, 1, 0, -0.466202, 0, 0.884678, -113.867, -0.56431, 245.473 )

[node name="Tree181" parent="Trees" instance=ExtResource( 5 )]
transform = Transform( 0.884678, 0, 0.466202, 0, 1, 0, -0.466202, 0, 0.884678, -100.596, -0.56431, 238.48 )

[node name="Tree182" parent="Trees" instance=ExtResource( 5 )]
transform = Transform( 0.729804, 0, 0.683656, 0, 1, 0, -0.683656, 0, 0.729804, -112.526, -0.56431, 258.794 )

[node name="Tree183" parent="Trees" instance=ExtResource( 5 )]
transform = Transform( 0.729804, 0, 0.683656, 0, 1, 0, -0.683656, 0, 0.729804, -98.4835, -0.56431, 262.083 )

[node name="Tree184" parent="Trees" instance=ExtResource( 5 )]
transform = Transform( 0.729804, 0, 0.683656, 0, 1, 0, -0.683656, 0, 0.729804, -96.8276, -0.56431, 275.53 )

[node name="Tree185" parent="Trees" instance=ExtResource( 5 )]
transform = Transform( 0.729804, 0, 0.683656, 0, 1, 0, -0.683656, 0, 0.729804, -85.8806, -0.56431, 265.276 )

[node name="Tree186" parent="Trees" instance=ExtResource( 5 )]
transform = Transform( 0.729804, 0, 0.683656, 0, 1, 0, -0.683656, 0, 0.729804, -86.8873, -0.56431, 274.44 )

[node name="Tree187" parent="Trees" instance=ExtResource( 5 )]
transform = Transform( 0.729804, 0, 0.683656, 0, 1, 0, -0.683656, 0, 0.729804, -85.1796, -0.56431, 287.986 )

[node name="Tree188" parent="Trees" instance=ExtResource( 5 )]
transform = Transform( 0.729804, 0, 0.683656, 0, 1, 0, -0.683656, 0, 0.729804, -74.2325, -0.56431, 277.732 )

[node name="Tree189" parent="Trees" instance=ExtResource( 5 )]
transform = Transform( -0.973857, 0, -0.227161, 0, 1, 0, 0.227161, 0, -0.973857, -290.232, -0.56431, 212.989 )

[node name="Tree190" parent="Trees" instance=ExtResource( 5 )]
transform = Transform( -0.973857, 0, -0.227161, 0, 1, 0, 0.227161, 0, -0.973857, -284.942, -0.56431, 200.515 )

[node name="Tree191" parent="Trees" instance=ExtResource( 5 )]
transform = Transform( -0.973857, 0, -0.227161, 0, 1, 0, 0.227161, 0, -0.973857, -264.55, -0.56431, 203.922 )

[node name="Tree192" parent="Trees" instance=ExtResource( 5 )]
transform = Transform( -0.973857, 0, -0.227161, 0, 1, 0, 0.227161, 0, -0.973857, -288.801, -0.56431, 183.904 )

[node name="Tree193" parent="Trees" instance=ExtResource( 5 )]
transform = Transform( -0.973857, 0, -0.227161, 0, 1, 0, 0.227161, 0, -0.973857, -303.409, -0.56431, 187.311 )

[node name="Tree194" parent="Trees" instance=ExtResource( 5 )]
transform = Transform( 0.0326318, 0, 0.999467, 0, 1, 0, -0.999467, 0, 0.0326318, -278.514, -0.56431, 162.199 )

[node name="Tree195" parent="Trees" instance=ExtResource( 5 )]
transform = Transform( 0.0326318, 0, 0.999467, 0, 1, 0, -0.999467, 0, 0.0326318, -267.834, -0.56431, 170.537 )

[node name="Tree196" parent="Trees" instance=ExtResource( 5 )]
transform = Transform( 0.0326318, 0, 0.999467, 0, 1, 0, -0.999467, 0, 0.0326318, -267.344, -0.56431, 129.545 )

[node name="Tree197" parent="Trees" instance=ExtResource( 5 )]
transform = Transform( 0.846082, 0, -0.533053, 0, 1, 0, 0.533053, 0, 0.846082, -234.417, -0.56431, 183.452 )

[node name="Tree198" parent="Trees" instance=ExtResource( 5 )]
transform = Transform( 0.846082, 0, -0.533053, 0, 1, 0, 0.533053, 0, 0.846082, -256.17, -0.56431, 189.839 )

[node name="Tree199" parent="Trees" instance=ExtResource( 5 )]
transform = Transform( 0.846082, 0, -0.533053, 0, 1, 0, 0.533053, 0, 0.846082, -243.479, -0.56431, 197.835 )

[node name="Tree200" parent="Trees" instance=ExtResource( 5 )]
transform = Transform( 0.956966, 0, -0.290201, 0, 1, 0, 0.290201, 0, 0.956966, -259.327, -0.56431, 223.977 )

[node name="Tree201" parent="Trees" instance=ExtResource( 5 )]
transform = Transform( 0.956966, 0, -0.290201, 0, 1, 0, 0.290201, 0, 0.956966, -267.767, -0.56431, 227.688 )

[node name="Tree202" parent="Trees" instance=ExtResource( 5 )]
transform = Transform( 0.956966, 0, -0.290201, 0, 1, 0, 0.290201, 0, 0.956966, -264.29, -0.56431, 240.293 )

[node name="Tree203" parent="Trees" instance=ExtResource( 5 )]
transform = Transform( 0.0385963, 0.00617843, 0.999236, -0.000238469, 0.999981, -0.00617382, -0.999255, 2.70068e-10, 0.0385971, -300.828, -0.382623, 127.516 )

[node name="Tree204" parent="Trees" instance=ExtResource( 5 )]
transform = Transform( 0.0385963, 0.00617843, 0.999236, -0.000238469, 0.999981, -0.00617382, -0.999255, 2.70068e-10, 0.0385971, -290.145, -0.448627, 135.935 )

[node name="Tree205" parent="Trees" instance=ExtResource( 5 )]
transform = Transform( 0.0385971, 0, 0.999255, 0, 1, 0, -0.999255, 0, 0.0385971, -289.567, -0.56431, 120.946 )

[node name="Tree206" parent="Trees" instance=ExtResource( 5 )]
transform = Transform( 0.0385971, 0, 0.999255, 0, 1, 0, -0.999255, 0, 0.0385971, -283.841, -0.56431, 128.173 )

[node name="Tree207" parent="Trees" instance=ExtResource( 5 )]
transform = Transform( 0.0385971, 0, 0.999255, 0, 1, 0, -0.999255, 0, 0.0385971, -273.158, -0.56431, 136.591 )

[node name="Tree208" parent="Trees" instance=ExtResource( 5 )]
transform = Transform( 0.0385971, 0, 0.999255, 0, 1, 0, -0.999255, 0, 0.0385971, -272.579, -0.56431, 121.602 )

[node name="Tree209" parent="Trees" instance=ExtResource( 5 )]
transform = Transform( -0.227157, 0.00617843, 0.973839, 0.0014035, 0.999981, -0.0060169, -0.973857, 2.70068e-10, -0.227161, -260.951, -0.629003, 142.091 )

[node name="Tree210" parent="Trees" instance=ExtResource( 5 )]
transform = Transform( -0.227157, 0.00617843, 0.973839, 0.0014035, 0.999981, -0.0060169, -0.973857, 2.70068e-10, -0.227161, -251.083, -0.689978, 131.574 )

[node name="Tree211" parent="Trees" instance=ExtResource( 5 )]
transform = Transform( -0.227157, 0.00617843, 0.973839, 0.0014035, 0.999981, -0.0060169, -0.973857, 2.70068e-10, -0.227161, -242.016, -0.745996, 122.256 )

[node name="Tree212" parent="Trees" instance=ExtResource( 5 )]
transform = Transform( 0.0385963, 0.00617843, 0.999236, -0.000238469, 0.999981, -0.00617382, -0.999255, 2.70068e-10, 0.0385971, -225.828, -0.382623, 127.516 )

[node name="Tree213" parent="Trees" instance=ExtResource( 5 )]
transform = Transform( 0.0385963, 0.00617843, 0.999236, -0.000238469, 0.999981, -0.00617382, -0.999255, 2.70068e-10, 0.0385971, -215.145, -0.448627, 135.935 )

[node name="Tree214" parent="Trees" instance=ExtResource( 5 )]
transform = Transform( 0.0385971, 0, 0.999255, 0, 1, 0, -0.999255, 0, 0.0385971, -214.567, -0.56431, 120.946 )

[node name="Tree215" parent="Trees" instance=ExtResource( 5 )]
transform = Transform( 0.0385971, 0, 0.999255, 0, 1, 0, -0.999255, 0, 0.0385971, -208.841, -0.56431, 128.173 )

[node name="Tree216" parent="Trees" instance=ExtResource( 5 )]
transform = Transform( 0.0385971, 0, 0.999255, 0, 1, 0, -0.999255, 0, 0.0385971, -198.158, -0.56431, 136.591 )

[node name="Tree217" parent="Trees" instance=ExtResource( 5 )]
transform = Transform( 0.0385971, 0, 0.999255, 0, 1, 0, -0.999255, 0, 0.0385971, -197.579, -0.56431, 121.602 )

[node name="Tree218" parent="Trees" instance=ExtResource( 5 )]
transform = Transform( -0.227157, 0.00617843, 0.973839, 0.0014035, 0.999981, -0.0060169, -0.973857, 2.70068e-10, -0.227161, -185.951, -0.629003, 142.091 )

[node name="Tree219" parent="Trees" instance=ExtResource( 5 )]
transform = Transform( -0.227157, 0.00617843, 0.973839, 0.0014035, 0.999981, -0.0060169, -0.973857, 2.70068e-10, -0.227161, -176.083, -0.689978, 131.574 )

[node name="Tree220" parent="Trees" instance=ExtResource( 5 )]
transform = Transform( -0.227157, 0.00617843, 0.973839, 0.0014035, 0.999981, -0.0060169, -0.973857, 2.70068e-10, -0.227161, -167.016, -0.745996, 122.256 )

[node name="Tree221" parent="Trees" instance=ExtResource( 5 )]
transform = Transform( 0.729804, 0, 0.683656, 0, 1, 0, -0.683656, 0, 0.729804, -303.459, -0.56431, -80.4446 )

[node name="Tree222" parent="Trees" instance=ExtResource( 5 )]
transform = Transform( 0.729804, 0, 0.683656, 0, 1, 0, -0.683656, 0, 0.729804, -302.758, -0.56431, -57.7339 )

[node name="Tree223" parent="Trees" instance=ExtResource( 5 )]
